[gd_scene load_steps=5 format=3 uid="uid://vjtsqbctjvh5"]

[ext_resource type="Material" uid="uid://dh26nfyu3pi8b" path="res://level_material.tres" id="1_emkkx"]

[sub_resource type="ProceduralSkyMaterial" id="ProceduralSkyMaterial_iwjr6"]
sky_horizon_color = Color(0.64625, 0.65575, 0.67075, 1)
ground_horizon_color = Color(0.64625, 0.65575, 0.67075, 1)

[sub_resource type="Sky" id="Sky_yrpp1"]
sky_material = SubResource("ProceduralSkyMaterial_iwjr6")

[sub_resource type="Environment" id="Environment_4u0i5"]
background_mode = 1
background_color = Color(0.141176, 0.0627451, 0.0156863, 1)
sky = SubResource("Sky_yrpp1")
ambient_light_source = 3
tonemap_mode = 2

[node name="Background" type="CSGBox3D" groups=["Hazard"]]
transform = Transform3D(1, 0, 0, 0, 1, 0, 0, 0, 1, 0, -4, 0)
material_override = ExtResource("1_emkkx")
use_collision = true
size = Vector3(30, 8, 5)
material = ExtResource("1_emkkx")

[node name="Wall" type="CSGBox3D" parent="." groups=["Hazard"]]
transform = Transform3D(0.977962, 0.208782, 0, -0.208782, 0.977962, 0, 0, 0, 1, -11.9523, 6.74185, 0)
material_override = ExtResource("1_emkkx")
size = Vector3(4, 8, 4)

[node name="Wall3" type="CSGBox3D" parent="." groups=["Hazard"]]
transform = Transform3D(0.976481, -0.215605, 0, 0.215605, 0.976481, 0, 0, 0, 1, 11.1404, 7.35411, 0)
material_override = ExtResource("1_emkkx")
size = Vector3(4, 8, 4)

[node name="Wall2" type="CSGBox3D" parent="." groups=["Hazard"]]
transform = Transform3D(0.977276, -0.211973, 0, 0.211973, 0.977276, 0, 0, 0, 1, -11.3667, 12.6781, 0)
material_override = ExtResource("1_emkkx")
size = Vector3(4, 8, 4)

[node name="Wall4" type="CSGBox3D" parent="." groups=["Hazard"]]
transform = Transform3D(0.949645, 0.31333, 0, -0.31333, 0.949645, 0, 0, 0, 1, 10.262, 12.6781, 0)
material_override = ExtResource("1_emkkx")
size = Vector3(4, 8, 4)

[node name="Ceiling" type="CSGBox3D" parent="." groups=["Hazard"]]
transform = Transform3D(0.14097, -0.990014, 0, 0.990014, 0.14097, 0, 0, 0, 1, 7.83956, 14.7102, 0)
material_override = ExtResource("1_emkkx")
size = Vector3(4, 8, 4)

[node name="Ceiling2" type="CSGBox3D" parent="." groups=["Hazard"]]
transform = Transform3D(-0.601132, -0.79915, 0, 0.79915, -0.601132, 0, 0, 0, 1, 4.19984, 14.1488, 0)
material_override = ExtResource("1_emkkx")
size = Vector3(4, 8, 4)

[node name="Ceiling3" type="CSGBox3D" parent="." groups=["Hazard"]]
transform = Transform3D(0.654833, -0.755773, 0, 0.755773, 0.654833, 0, 0, 0, 1, 0.469584, 14.1488, 0)
material_override = ExtResource("1_emkkx")
size = Vector3(4, 8, 4)

[node name="Ceiling4" type="CSGBox3D" parent="." groups=["Hazard"]]
transform = Transform3D(-0.136027, -0.990705, 0, 0.990705, -0.136027, 0, 0, 0, 1, -3.18825, 14.1488, 0)
material_override = ExtResource("1_emkkx")
size = Vector3(4, 8, 4)

[node name="Ceiling5" type="CSGBox3D" parent="." groups=["Hazard"]]
transform = Transform3D(0.302603, -0.953117, 0, 0.953117, 0.302603, 0, 0, 0, 1, -9.52607, 14.1488, 0)
material_override = ExtResource("1_emkkx")
size = Vector3(4, 8, 4)

[node name="Back" type="CSGBox3D" parent="." groups=["Hazard"]]
transform = Transform3D(0.558763, -0.725537, -0.401722, 0.677295, 0.67876, -0.283824, 0.478598, -0.113494, 0.870668, -8.12292, 4.61506, -5.2163)
material_override = ExtResource("1_emkkx")
size = Vector3(4, 10, 4)

[node name="Back2" type="CSGBox3D" parent="." groups=["Hazard"]]
transform = Transform3D(-0.537228, -0.822187, 0.188135, 0.837979, -0.545639, 0.00833836, 0.0957981, 0.162133, 0.982108, -2.93213, 4.61506, -5.2163)
material_override = ExtResource("1_emkkx")
size = Vector3(4, 10, 4)

[node name="Back4" type="CSGBox3D" parent="." groups=["Hazard"]]
transform = Transform3D(-0.359296, -0.563169, -0.744142, 0.837979, -0.545639, 0.00833836, -0.410729, -0.620579, 0.66797, 9.54142, 4.61506, -5.2163)
material_override = ExtResource("1_emkkx")
size = Vector3(4, 10, 4)

[node name="Back3" type="CSGBox3D" parent="." groups=["Hazard"]]
transform = Transform3D(-0.325416, -0.911364, -0.252031, -0.523759, -0.0481846, 0.850503, -0.787262, 0.408771, -0.461655, -2.93213, 12.5708, -3.39067)
material_override = ExtResource("1_emkkx")
size = Vector3(4, 10, 4)

[node name="Back6" type="CSGBox3D" parent="." groups=["Hazard"]]
transform = Transform3D(0.791295, -0.39727, 0.46479, -0.611275, -0.531382, 0.586494, 0.0139842, -0.748204, -0.663321, 4.84104, 12.5708, -3.39067)
material_override = ExtResource("1_emkkx")
size = Vector3(4, 10, 4)

[node name="Back5" type="CSGBox3D" parent="." groups=["Hazard"]]
transform = Transform3D(-0.408867, 0.890102, -0.201361, -0.523759, -0.0481847, 0.850503, 0.747332, 0.453207, 0.4859, 4.82359, 2.41308, -3.39067)
material_override = ExtResource("1_emkkx")
size = Vector3(4, 10, 4)

[node name="WorldEnvironment" type="WorldEnvironment" parent="."]
environment = SubResource("Environment_4u0i5")

[node name="DirectionalLight3D" type="DirectionalLight3D" parent="."]
transform = Transform3D(-0.848865, -0.158242, 0.504369, 0.485726, -0.609953, 0.626121, 0.208563, 0.776477, 0.59463, 0, 0, 0)
light_energy = 0.505
shadow_enabled = true

[node name="OmniLight3D" type="OmniLight3D" parent="."]
transform = Transform3D(1, 0, 0, 0, 1, 0, 0, 0, 1, 0, 10.6498, 0.213799)
omni_range = 12.01
omni_attenuation = 0.5

[node name="OmniLight3D2" type="OmniLight3D" parent="."]
transform = Transform3D(1, 0, 0, 0, 1, 0, 0, 0, 1, -5.37234, 10.0558, 0.213799)
omni_range = 12.01
omni_attenuation = 0.5

[node name="OmniLight3D3" type="OmniLight3D" parent="."]
transform = Transform3D(1, 0, 0, 0, 1, 0, 0, 0, 1, 5.7967, 10.2087, 0.213799)
omni_range = 12.01
omni_attenuation = 0.5
